0.1743
0.174292672057
0.174285320627
0.174277945536
0.174270546613
0.17426312368
0.174255676563
0.174248205082
0.174240709057
0.174233188308
0.174225642651
0.174218071902
0.174210475874
0.174202854381
0.174195207233
0.174187534238
0.174179835206
0.174172109943
0.174164358253
0.174156579939
0.174148774804
0.174140942647
0.174133083268
0.174125196464
0.174117282031
0.174109339764
0.174101369455
0.174093370896
0.174085343878
0.17407728819
0.174069203618
0.174061089949
0.174052946969
0.174044774459
0.174036572202
0.174028339979
0.17402007757
0.174011784753
0.174003461303
0.173995106998
0.173986721612
0.173978304917
0.173969856686
0.173961376689
0.173952864697
0.173944320477
0.173935743797
0.173927134424
0.173918492122
0.173909816655
0.173901107788
0.17389236528
0.173883588895
0.173874778392
0.17386593353
0.173857054067
0.173848139761
0.173839190368
0.173830205645
0.173821185345
0.173812129222
0.173803037031
0.173793908524
0.173784743453
0.173775541568
0.173766302622
0.173757026362
0.17374771254
0.173738360904
0.173728971203
0.173719543184
0.173710076595
0.173700571183
0.173691026696
0.173681442879
0.173671819479
0.173662156241
0.173652452912
0.173642709238
0.173632924963
0.173623099834
0.173613233595
0.173603325993
0.173593376772
0.173583385679
0.173573352459
0.173563276858
0.173553158622
0.173542997498
0.173532793232
0.173522545572
0.173512254266
0.173501919061
0.173491539706
0.173481115951
0.173470647545
0.173460134239
0.173449575785
0.173438971934
0.173428322439
0.173417627055
0.173406885535
0.173396097637
0.173385263117
0.173374381733
0.173363453245
0.173352477412
0.173341453997
0.173330382764
0.173319263476
0.1733080959
0.173296879804
0.173285614957
0.17327430113
0.173262938096
0.173251525629
0.173240063506
0.173228551505
0.173216989407
0.173205376994
0.173193714051
0.173182000363
0.173170235721
0.173158419916
0.173146552741
0.173134633992
0.173122663469
0.173110640971
0.173098566304
0.173086439273
0.173074259688
0.173062027362
0.173049742108
0.173037403746
0.173025012095
0.173012566981
0.17300006823
0.172987515721
0.172974912404
0.172962258665
0.172949554396
0.172936799488
0.172923993835
0.172911137332
0.17289822988
0.172885271378
0.172872261731
0.172859200844
0.172846088625
0.172832924987
0.172819709849
0.172806452152
0.172793155661
0.172779820863
0.172766447835
0.172753036652
0.172739587388
0.172726100117
0.17271257491
0.172699011837
0.172685410967
0.17267177237
0.17265809611
0.172644382255
0.172630630869
0.172616842014
0.172603017246
0.1725891577
0.172575263779
0.172561335647
0.17254737339
0.172533377093
0.172519346839
0.17250528271
0.172491184786
0.172477053143
0.172462887858
0.172448689006
0.172434456659
0.17242019089
0.172405891766
0.172391559358
0.172377193732
0.172362794953
0.172348363085
0.172333898192
0.172319400335
0.172304869575
0.172290305971
0.172275709581
0.172261080463
0.172246418673
0.172231724267
0.172216997299
0.172202237823
0.172187445892
0.17217262156
0.172157764877
0.172142875895
0.172127954666
0.17211300124
0.172098015666
0.172082997995
0.172067948277
0.17205286656
0.172037752894
0.172022607328
0.172007431739
0.171992231305
0.171977006629
0.171961758007
0.171946486274
0.171931191873
0.17191587498
0.171900535866
0.171885174631
0.171869791361
0.17185438614
0.171838959053
0.171823510179
0.1718080396
0.171792547392
0.171777033633
0.171761498398
0.171745941761
0.171730363794
0.171714764568
0.171699147661
0.171683526485
0.171667910397
0.171652300032
0.171636696437
0.171621100009
0.17160551392
0.171589939096
0.171574375729
0.171558824416
0.171543285793
0.171527760053
0.171512247336
0.171496747772
0.171481261485
0.171465788591
0.1714503292
0.171434883413
0.171419451326
0.171404033025
0.171388628593
0.171373238105
0.171357861627
0.171342499533
0.171327153053
0.171311825235
0.171296517428
0.171281229799
0.17126596245
0.17125071558
0.171235489231
0.171220283687
0.171205099542
0.171189936872
0.17117479569
0.171159676019
0.171144577936
0.171129501541
0.171114446847
0.171099413838
0.171084402492
0.171069412781
0.171054444673
0.171039498128
0.171024573104
0.171009669551
0.170994787417
0.170979926644
0.170965087168
0.170950268924
0.170935471839
0.170920695838
0.17090594084
0.170891206764
0.17087649352
0.170861801017
0.170847129161
0.170832477852
0.17081784699
0.170803236469
0.170788646181
0.170774076015
0.170759525856
0.170744995587
0.170730485089
0.170715994238
0.170701522911
0.17068707098
0.170672638314
0.170658224782
0.170643830251
0.170629454583
0.170615097641
0.170600759284
0.170586439372
0.170572137761
0.170557854305
0.170543588858
0.170529341273
0.1705151114
0.170500899088
0.170486704186
0.17047252654
0.170458365998
0.170444222403
0.1704300956
0.170415985433
0.170401891743
0.170387814373
0.170373753164
0.170359707968
0.170345678798
0.170331665558
0.170317668216
0.170303687144
0.17028972223
0.170275773429
0.170261840585
0.170247923535
0.170234022115
0.170220136163
0.170206265534
0.170192410083
0.170178569648
0.170164744066
0.170150933173
0.170137136815
0.170123354848
0.170109587213
0.170095833766
0.170082094351
0.170068368807
0.17005465697
0.170040958678
0.170027273769
0.170013602081
0.169999943456
0.169986297736
0.169972664764
0.169959044403
0.169945436493
0.16993184088
0.16991825746
0.169904686651
0.169891128397
0.169877582949
0.16986405057
0.169850532803
0.16983702957
0.169823541042
0.169810067248
0.169796608031
0.169783163235
0.169769732702
0.169756316277
0.169742913808
0.169729525176
0.169716150306
0.169702789066
0.169689441301
0.169676106858
0.169662785584
0.169649477327
0.169636181967
0.169622899415
0.169609629728
0.169596372928
0.169583128927
0.169569897608
0.169556678821
0.169543472416
0.169530278245
0.16951709616
0.169503926013
0.169490767657
0.169477620948
0.169464485739
0.169451361905
0.169438249306
0.169425147808
0.169412057417
0.169398978083
0.169385909672
0.169372852144
0.169359805403
0.169346769645
0.169333744841
0.169320730857
0.169307727615
0.16929473503
0.169281752966
0.169268781286
0.169255819856
0.169242868541
0.169229927207
0.169216995723
0.169204073956
0.169191161781
0.169178259081
0.169165365734
0.169152481617
0.169139606601
0.169126740559
0.169113883365
0.169101034893
0.16908819502
0.169075363621
0.169062540584
0.169049725798
0.169036919145
0.169024120586
0.16901133
0.168998547279
0.168985772314
0.16897300499
0.168960245189
0.168947492795
0.168934747695
0.168922009774
0.16890927892
0.168896555019
0.168883837962
0.168871127637
0.168858423936
0.168845726749
0.168833035969
0.168820351494
0.168807673217
0.168795001035
0.168782334842
0.168769674542
0.168757020045
0.16874437125
0.168731728055
0.16871909036
0.168706458069
0.168693831085
0.168681209312
0.168668592651
0.168655981008
0.168643374287
0.168630772395
0.168618175237
0.168605582721
0.168592994755
0.16858041125
0.168567832113
0.168555257257
0.168542686592
0.168530120032
0.168517557489
0.168504998878
0.168492444113
0.16847989311
0.168467345785
0.168454802055
0.168442261839
0.168429725055
0.168417191623
0.168404661464
0.168392134497
0.168379610646
0.168367089832
0.16835457198
0.168342057013
0.168329544857
0.168317035436
0.168304528678
0.168292024509
0.168279522858
0.168267023652
0.168254526822
0.168242032298
0.168229540009
0.168217049888
0.168204561866
0.168192075877
0.168179591855
0.168167109732
0.168154629445
0.168142150929
0.16812967412
0.168117198955
0.168104725371
0.168092253308
0.168079782704
0.168067313498
0.168054845631
0.168042379043
0.168029913676
0.168017449473
0.168004986375
0.167992524327
0.167980063272
0.167967603155
0.16795514392
0.167942685515
0.167930227885
0.167917770976
0.167905314738
0.167892859117
0.167880404062
0.167867949523
0.16785549545
0.167843041793
0.167830588502
0.16781813553
0.167805682828
0.167793230349
0.167780778046
0.167768325873
0.167755873783
0.167743421732
0.167730969674
0.167718517565
0.167706065362
0.167693613021
0.1676811605
0.167668707755
0.167656254745
0.167643801429
0.167631347766
0.167618893715
0.167606439237
0.167593984291
0.16758152884
0.167569072843
0.167556616264
0.167544159064
0.167531701206
0.167519242653
0.167506783369
0.167494323318
0.167481862464
0.167469400773
0.167456938208
0.167444474737
0.167432010324
0.167419544938
0.167407078543
0.167394611108
0.1673821426
0.167369672988
0.167357202238
0.167344730322
0.167332257206
0.167319782861
0.167307307258
0.167294830364
0.167282352202
0.167269872904
0.167257392586
0.167244911274
0.167232428955
0.167219945602
0.167207461266
0.167194976133
0.167182490194
0.167170003423
0.167157515876
0.167145028129
0.167132540687
0.167120053587
0.167107566802
0.167095080306
0.167082594073
0.167070108123
0.16705762255
0.167045137446
0.167032652831
0.167020168681
0.16700768497
0.166995201673
0.166982718765
0.166970236221
0.166957754017
0.166945272128
0.16693279053
0.166920309199
0.166907828111
0.166895347242
0.166882866569
0.166870386067
0.166857905714
0.166845425489
0.16683294538
0.166820465367
0.166807985427
0.166795505599
0.166783025861
0.16677054619
0.166758066576
0.166745587001
0.166733107441
0.166720627876
0.166708148282
0.166695668639
0.166683188925
0.166670709119
0.166658229198
0.166645749141
0.16663326907
0.166620789237
0.166608310465
0.166595832785
0.166583356386
0.166570881257
0.166558407376
0.16654593482
0.166533464424
0.166520996399
0.166508530723
0.166496067372
0.16648360658
0.166471149954
0.166458699946
0.16644625706
0.166433821266
0.166421392537
0.166408970843
0.166396556188
0.166384148661
0.166371748345
0.166359355887
0.166346971424
0.166334595076
0.166322226814
0.166309866605
0.166297514417
0.166285170219
0.166272833977
0.16626050566
0.166248185235
0.166235872668
0.166223567928
0.16621127098
0.166198981792
0.166186700331
0.166174426561
0.16616216045
0.166149901965
0.16613765107
0.166125407732
0.166113171916
0.166100943643
0.16608872288
0.166076509592
0.166064303798
0.166052105638
0.166039915076
0.166027732077
0.166015556624
0.16600338872
0.165991228342
0.165979075455
0.165966930024
0.165954792011
0.16594266138
0.165930538094
0.165918422117
0.165906313411
0.165894211973
0.165882117796
0.165870031052
0.165857951779
0.165845879967
0.165833815608
0.165821758666
0.165809709101
0.165797666889
0.165785632111
0.16577360484
0.165761585048
0.165749572797
0.165737568178
0.165725571178
0.165713581919
0.165701600969
0.165689628491
0.165677664506
0.165665709674
0.165653764183
0.165641827988
0.165629901047
0.165617983312
0.165606074765
0.16559417538
0.16558228539
0.165570404887
0.165558533855
0.165546672263
0.165534820063
0.16552297721
0.165511143657
0.165499319358
0.165487504267
0.165475698336
0.165463901519
0.165452113771
0.165440335044
0.165428565291
0.165416804467
0.165405052525
0.165393309418
0.1653815751
0.165369849525
0.165358132645
0.165346424415
0.165334724789
0.165323033719
0.165311351159
0.165299677064
0.165288011394
0.165276354108
0.165264705161
0.165253064507
0.165241432099
0.165229807944
0.165218191994
0.165206584205
0.165194984529
0.165183392926
0.165171809358
0.165160233779
0.165148666144
0.165137106406
0.165125554522
0.165114010493
0.165102474283
0.165090945848
0.16507942514
0.165067912115
0.165056406728
0.165044908933
0.165033418685
0.165021935938
0.165010460649
0.164998992772
0.164987532262
0.164976079075
0.164964633377
0.164953195146
0.164941764335
0.1649303409
0.164918924795
0.164907515975
0.164896114395
0.16488472001
0.164873332808
0.164861952764
0.164850579833
0.164839213972
0.164827855134
0.16481650328
0.16480515842
0.164793820509
0.16478248961
0.164771165784
0.164759848986
0.164748539171
0.164737236294
0.164725940311
0.164714651178
0.16470336885
0.164692093283
0.164680824484
0.164669562411
0.164658307021
0.16464705827
0.164635816114
0.16462458051
0.164613351414
0.164602128784
0.164590912575
0.164579702746
0.164568499254
0.164557302056
0.164546111109
0.164534926371
0.1645237478
0.164512575354
0.164501408991
0.164490248669
0.164479094347
0.164467945983
0.164456803537
0.164445666966
0.16443453623
0.164423411289
0.164412292101
0.164401178625
0.164390070822
0.164378968652
0.164367872074
0.164356781048
0.164345695534
0.164334615494
0.164323540887
0.164312471674
0.164301407816
0.164290349274
0.164279296009
0.164268247983
0.164257205157
0.164246167492
0.164235134951
0.164224107494
0.164213085085
0.164202067685
0.164191055257
0.164180047764
0.164169045167
0.16415804743
0.164147054519
0.164136066406
0.164125083056
0.164114104432
0.164103130497
0.164092161215
0.164081196549
0.164070236463
0.164059280922
0.16404832989
0.164037383331
0.16402644121
0.164015503491
0.164004570139
0.163993641119
0.163982716397
0.163971795963
0.163960879811
0.163949967904
0.16393906021
0.163928156693
0.163917257319
0.163906362054
0.163895470864
0.163884583715
0.163873700572
0.163862821404
0.163851946175
0.163841074854
0.163830207406
0.163819343798
0.163808483998
0.163797627973
0.1637867757
0.163775927149
0.163765082289
0.163754241088
0.163743403513
0.163732569532
0.163721739113
0.163710912225
0.163700088835
0.163689268913
0.163678452427
0.163667639346
0.163656829638
0.163646023273
0.16363522022
0.163624420555
0.163613624296
0.163602831442
0.163592042414
0.16358125733
0.163570476159
0.163559698876
0.163548925535
0.163538156169
0.163527390748
0.163516629242
0.163505871618
0.163495117845
0.163484367892
0.163473621751
0.163462879483
0.163452141471
0.1634414078
0.163430678495
0.163419953523
0.163409232852
0.163398516449
0.163387804282
0.163377096318
0.163366392526
0.163355693016
0.163344998094
0.163334308082
0.163323624529
0.163312947408
0.163302277157
0.163291613735
0.163280957104
0.163270307223
0.163259664052
0.163249027551
0.163238397682
0.163227774404
0.163217157678
0.163206547464
0.163195943723
0.163185346417
0.163174755561
0.163164171185
0.163153593249
0.163143021739
0.16313245709
0.163121899259
0.163111348207
0.163100803963
0.163090266542
0.163079735903
0.163069212005
0.163058694808
0.163048184272
0.163037680355
0.163027183018
0.16301669222
0.163006207922
0.162995730083
0.162985258663
0.162974793623
0.162964334923
0.162953882523
0.162943436384
0.162932996466
0.16292256273
0.162912135137
0.162901713648
0.162891298224
0.162880888826
0.162870485414
0.162860087951
0.162849696398
0.162839310717
0.162828930868
0.162818556815
0.162808188518
0.162797825939
0.162787469041
0.162777117787
0.162766772137
0.162756432055
0.162746097503
0.162735768698
0.1627254459
0.162715129071
0.162704818554
0.162694516002
0.162684221549
0.16267393515
0.162663656769
0.162653386547
0.162643124791
0.162632871523
0.1626226267
0.162612390275
0.162602162206
0.162591942447
0.162581730954
0.162571527811
0.162561333237
0.16255114742
0.162540971931
0.162530806911
0.162520652542
0.162510508772
0.162500375551
0.162490252838
0.162480140606
0.162470038805
0.162459947382
0.162449866287
0.16243979547
0.162429736139
0.162419688703
0.162409654797
0.162399639622
0.162389643101
0.162379666379
0.162369709906
0.162359773598
0.162349857374
0.162339961152
0.162330084849
0.162320228383
0.162310391674
0.162300574639
0.162290777196
0.162280999264
0.162271240761
0.162261501607
0.16225178172
0.162242081019
0.162232399771
0.162222737989
0.162213095592
0.162203472499
0.162193869981
0.162184288387
0.16217472763
0.162165187622
0.162155668555
0.162146170512
0.162136693404
0.162127237143
0.16211780164
0.162108386808
0.162098992557
0.1620896188
0.16208026545
0.162070932419
0.16206161962
0.162052326966
0.162043054368
0.162033801742
0.162024569
0.162015356124
0.1620061631
0.161996989843
0.161987836264
0.161978702279
0.161969587801
0.161960492744
0.161951417022
0.161942360551
0.161933323245
0.161924305018
0.161915305787
0.161906325466
0.161897363972
0.161888421221
0.161879497382
0.161870592685
0.161861707041
0.161852840366
0.161843992574
0.161835163578
0.161826353294
0.161817561635
0.161808788519
0.161800033877
0.161791297724
0.16178257998
0.161773880563
0.1617651995
0.16175653705
0.161747893172
0.161739267864
0.161730661101
0.161722072806
0.161713502935
0.161704951544
0.161696418615
0.161687904062
0.161679407802
0.161670929751
0.161662469826
0.161654027944
0.16164560402
0.161637197974
0.161628809758
0.161620439764
0.161612088202
0.161603755159
0.161595440612
0.161587144508
0.161578866763
0.161570607292
0.161562366011
0.161554142837
0.161545937686
0.161537750554
0.161529581406
0.16152143016
0.161513296733
0.161505181093
0.161497083491
0.161489003844
0.161480942366
0.161472900226
0.161464877335
0.161456873677
0.161448889486
0.161440924673
0.161432979152
0.161425052836
0.161417145639
0.161409257473
0.161401388254
0.161393537896
0.161385706313
0.161377893421
0.161370099135
0.16136232337
0.161354566043
0.16134682707
0.161339106368
0.161331403853
0.161323719444
0.161316053096
0.161308404788
0.161300774437
0.161293161961
0.161285567279
0.161277990559
0.161270431869
0.161262891126
0.16125536825
0.161247863158
0.161240375842
0.161232906249
0.161225454299
0.161218019912
0.161210603006
0.161203203503
0.161195821324
0.161188456388
0.161181108617
0.161173777933
0.161166464257
0.161159167512
0.161151887619
0.161144624502
0.161137378085
0.161130148289
0.161122935039
0.161115738259
0.161108557874
0.161101393807
0.161094246202
0.161087115274
0.161080000946
0.161072903142
0.161065821784
0.161058756798
0.161051708107
0.161044675636
0.161037659309
0.161030659071
0.161023674863
0.161016706611
0.161009754241
0.161002817679
0.160995896851
0.160988991686
0.160982102109
0.160975228048
0.160968370555
0.160961530476
0.160954707729
0.160947902231
0.160941113901
0.160934342657
0.160927588419
0.160920851106
0.160914130637
0.160907426933
0.160900739914
0.160894069501
0.160887415616
0.160880778179
0.160874157114
0.160867552341
0.160860963784
0.160854391366
0.160847835011
0.160841294984
0.16083477138
0.160828264249
0.160821773553
0.160815299213
0.160808841151
0.160802399288
0.160795973547
0.160789563852
0.160783170126
0.160776792291
0.160770430273
0.160764083995
0.160757753383
0.160751438446
0.160745139138
0.160738855384
0.16073258711
0.160726334243
0.160720096708
0.160713874433
0.160707667345
0.16070147537
0.160695298438
0.160689136476
0.160682989413
0.160676857195
0.160670739762
0.160664637044
0.160658548971
0.160652475474
0.160646416482
0.160640371928
0.160634341741
0.160628325887
0.1606223243
0.160616336912
0.160610363656
0.160604404463
0.160598459268
0.160592528003
0.160586610603
0.160580707002
0.160574817133
0.160568940933
0.160563078336
0.160557229277
0.160551393693
0.160545571519
0.160539762692
0.160533967148
0.160528184826
0.160522415662
0.160516659594
0.16051091656
0.160505186498
0.160499469348
0.160493765048
0.160488073537
0.160482394756
0.160476728644
0.160471075141
0.160465434188
0.160459805727
0.160454189697
0.160448586041
0.160442994701
0.160437415618
0.160431848734
0.160426293994
0.160420751339
0.160415220713
0.16040970206
0.160404195323
0.160398700447
0.160393217376
0.160387746054
0.160382286428
0.160376838441
0.160371402041
0.160365977172
0.160360563781
0.160355161814
0.160349771218
0.16034439194
0.160339023928
0.160333667129
0.16032832149
0.16032298696
0.160317663488
0.160312351021
0.160307049509
0.160301758901
0.160296479147
0.160291210196
0.160285951997
0.160280704601
0.160275467973
0.160270242062
0.160265026819
0.160259822194
0.160254628139
0.160249444605
0.160244271543
0.160239108905
0.160233956643
0.160228814708
0.160223683055
0.160218561634
0.160213450466
0.160208349565
0.160203258881
0.160198178369
0.160193107982
0.160188047673
0.160182997395
0.160177957102
0.16017292696
0.16016790717
0.160162897683
0.160157898453
0.160152909432
0.160147930572
0.160142961827
0.160138003151
0.160133054497
0.160128115819
0.16012318707
0.160118268207
0.160113359182
0.160108459951
0.160103570469
0.160098690691
0.160093820573
0.16008896007
0.160084109139
0.160079267736
0.160074435817
0.160069613339
0.160064800259
0.160059996629
0.160055202426
0.160050417608
0.160045642131
0.160040875952
0.160036119476
0.160031372721
0.160026635641
0.160021908193
0.160017190332
0.160012482013
0.160007783192
0.160003093827
0.159998413871
0.159993743284
0.159989082021
0.15998443004
0.159979787297
0.159975153752
0.15997052936
0.159965914081
0.159961307872
0.159956710693
0.159952122501
0.159947543256
0.159942972917
0.159938411443
0.159933858794
0.159929314929
0.159924779809
0.159920253393
0.159915735643
0.159911226519
0.159906725981
0.159902233992
0.159897750511
0.159893275501
0.159888808923
0.159884350739
0.159879900912
0.159875459403
0.159871026175
0.15986660119
0.159862184468
0.159857776043
0.159853375878
0.159848983935
0.159844600177
0.159840224568
0.15983585707
0.159831497647
0.159827146262
0.159822802881
0.159818467466
0.159814139982
0.159809820393
0.159805508665
0.159801204761
0.159796908648
0.159792620289
0.159788339652
0.1597840667
0.1597798014
0.159775543718
0.15977129362
0.159767051072
0.159762816041
0.159758588494
0.159754368396
0.159750155716
0.159745950421
0.159741752478
0.159737561854
0.159733378517
0.159729202435
0.159725033576
0.159720871909
0.159716717401
0.159712570021
0.159708429739
0.159704296523
0.159700170341
0.159696051164
0.15969193896
0.1596878337
0.159683735352
0.159679643889
0.159675559295
0.159671481544
0.159667410605
0.159663346449
0.159659289047
0.159655238371
0.159651194404
0.159647157167
0.159643126643
0.159639102808
0.159635085633
0.159631075089
0.159627071147
0.15962307378
0.159619082959
0.159615098658
0.15961112085
0.159607149517
0.159603184636
0.159599226182
0.159595274129
0.15959132845
0.159587389116
0.159583456102
0.159579529381
0.159575608925
0.159571694708
0.159567786705
0.159563884888
0.159559989232
0.15955609971
0.159552216297
0.159548338966
0.159544467693
0.159540602452
0.159536743218
0.159532889978
0.159529042709
0.159525201386
0.159521366016
0.159517536602
0.15951371312
0.159509895546
0.159506083869
0.159502278065
0.159498478133
0.159494684053
0.159490895801
0.159487113353
0.159483336684
0.159479565772
0.159475800591
0.159472041118
0.15946828733
0.159464539203
0.159460796714
0.159457059839
0.159453328555
0.15944960284
0.15944588267
0.159442168022
0.159438458875
0.159434755204
0.159431057022
0.159427364334
0.159423677116
0.159419995348
0.159416319005
0.159412648111
0.159408982845
0.159405323185
0.159401669109
0.159398020593
0.159394377616
0.159390740196
0.159387108331
0.159383481998
0.159379861177
0.159376245843
0.159372635975
0.159369031552
0.15936543255
0.159361838949
0.159358250726
0.159354667859
0.159351090328
0.159347518111
0.159343951187
0.159340389585
0.159336833346
0.15933328245
0.159329736875
0.159326196599
0.159322661601
0.159319131859
0.159315607352
0.15931208806
0.159308573961
0.159305065034
0.159301561258
0.159298062613
0.159294569079
0.159291080634
0.159287597259
0.159284118932
0.159280645635
0.159277177358
0.159273714085
0.159270255797
0.159266802473
0.159263354094
0.15925991064
0.159256472091
0.159253038428
0.159249609632
0.159246185746
0.159242766751
0.159239352627
0.159235943355
0.159232538916
0.159229139291
0.15922574446
0.159222354405
0.159218969107
0.159215588562
0.159212212753
0.15920884166
0.159205475265
0.15920211355
0.159198756495
0.159195404083
0.159192056296
0.159188713115
0.159185374522
0.159182040499
0.159178711041
0.159175386147
0.159172065797
0.159168749975
0.159165438662
0.159162131841
0.159158829495
0.159155531611
0.159152238201
0.159148949278
0.159145664829
0.159142384835
0.15913910928
0.159135838146
0.159132571417
0.159129309107
0.159126051272
0.159122798024
0.159119549389
0.159116305353
0.159113065897
0.159109831006
0.15910660066
0.159103374844
0.15910015354
0.159096936731
0.159093724403
0.159090516548
0.159087313158
0.159084114254
0.159080919822
0.159077729854
0.159074544335
0.159071363247
0.159068186574
0.159065014299
0.159061846405
0.159058682876
0.159055523697
0.159052368849
0.159049218318
0.159046072087
0.159042930139
0.15903979246
0.159036659032
0.15903352984
0.159030404869
0.159027284102
0.159024167524
0.159021055118
0.159017946875
0.159014842825
0.159011742955
0.159008647248
0.159005555714
0.159002468523
0.15899938566
0.158996307109
0.158993232857
0.158990162939
0.158987097338
0.158984036039
0.158980979024
0.15897792628
0.158974877789
0.158971833536
0.158968793507
0.158965757684
0.158962726053
0.158959698598
0.158956675304
0.158953656155
0.158950641137
0.158947630235
0.158944623432
0.158941620715
0.158938622068
0.158935627477
0.158932636926
0.1589296504
0.158926667887
0.158923689369
0.158920714834
0.158917744444
0.158914778224
0.158911816156
0.158908858226
0.158905904419
0.15890295472
0.158900009532
0.158897069291
0.158894133979
0.158891203577
0.158888278067
0.158885357431
0.158882441652
0.158879530926
0.158876625239
0.158873724572
0.158870828908
0.158867938229
0.15886505252
0.158862171762
0.158859295939
0.158856425031
0.158853559021
0.15885069789
0.158847841622
0.158844990198
0.158842143601
0.158839301813
0.158836464816
0.158833632593
0.158830805127
0.1588279824
0.158