323.0
322.997318913
322.99462542
322.99191953
322.989201251
322.986470592
322.983727562
322.980972169
322.978204423
322.975424332
322.972631906
322.969827154
322.967010085
322.964180709
322.961339034
322.958485071
322.95561883
322.95274032
322.949849551
322.946946534
322.944031278
322.941103794
322.938164091
322.935212182
322.932248075
322.929271783
322.926283315
322.923282682
322.920269897
322.917244969
322.91420791
322.911158732
322.908097446
322.905024064
322.901938597
322.898841057
322.895731457
322.892609808
322.889476123
322.886330414
322.883172693
322.880002973
322.876821267
322.873627587
322.870421947
322.86720436
322.863974838
322.860733396
322.857480046
322.854214803
322.850937679
322.847648689
322.844347847
322.841035166
322.837710661
322.834374347
322.831026237
322.827666347
322.824294691
322.820911283
322.817516139
322.814109275
322.810690704
322.807260442
322.803818506
322.80036491
322.79689967
322.793422801
322.789934321
322.786434245
322.782922589
322.77939937
322.775864604
322.772318307
322.768760496
322.765191189
322.761610402
322.758018151
322.754414455
322.750799331
322.747172796
322.743534868
322.739885563
322.736224901
322.732552899
322.728869575
322.725174948
322.721469034
322.717751854
322.714023425
322.710283766
322.706532896
322.702770834
322.698997599
322.695213209
322.691417684
322.687611043
322.683793306
322.679964492
322.676124622
322.672273714
322.668411788
322.664538865
322.660654964
322.656760107
322.652854312
322.648937602
322.645009995
322.641071513
322.637122176
322.633162006
322.629191022
322.625209247
322.621216701
322.617213406
322.613199383
322.609174653
322.605139238
322.601093159
322.597036439
322.592969098
322.58889116
322.584802645
322.580703576
322.576593975
322.572473864
322.568343267
322.564202204
322.560050699
322.555888774
322.551716452
322.547533756
322.543340708
322.539137331
322.534923649
322.530699684
322.52646546
322.522221
322.517966327
322.513701465
322.509426436
322.505141265
322.500845975
322.49654059
322.492225133
322.487899628
322.483564099
322.47921857
322.474863065
322.470497608
322.466122223
322.461736934
322.457341765
322.452936741
322.448521886
322.444097224
322.43966278
322.435218578
322.430764643
322.426300999
322.421827671
322.417344683
322.412852061
322.408349828
322.40383801
322.399316632
322.394785718
322.390245293
322.385695383
322.381136011
322.376567204
322.371988986
322.367401383
322.362804419
322.358198119
322.353582509
322.348957613
322.344323458
322.339680068
322.335027469
322.330365685
322.325694742
322.321014666
322.316325481
322.311627214
322.306919888
322.30220353
322.297478166
322.29274382
322.288000517
322.283248284
322.278487146
322.273717127
322.268938255
322.264150552
322.259354047
322.254548763
322.249734726
322.244911961
322.240080495
322.235240352
322.230391557
322.225534137
322.220668116
322.215793521
322.210910375
322.206018705
322.201118536
322.196209893
322.191292802
322.186367287
322.181433375
322.176491089
322.171540457
322.166581502
322.16161425
322.156638726
322.151654955
322.146662963
322.141662773
322.136654413
322.131637905
322.126613276
322.121580551
322.116539753
322.111490909
322.106434042
322.101369179
322.096296343
322.091215559
322.086126852
322.081030246
322.075925767
322.070813439
322.065693285
322.060565332
322.055429602
322.050286121
322.045134913
322.039976002
322.034809413
322.029635168
322.024453294
322.019263813
322.014066749
322.008862128
322.003649971
321.998430305
321.993203151
321.987968534
321.982726478
321.977477005
321.972220141
321.966955907
321.961684328
321.956405427
321.951119227
321.945825751
321.940525023
321.935217065
321.929901901
321.924579553
321.919250045
321.913913399
321.908569637
321.903218783
321.89786086
321.892495888
321.887123892
321.881744893
321.876358914
321.870965976
321.865566103
321.860159315
321.854745635
321.849325085
321.843897687
321.838463461
321.833022431
321.827574617
321.822120041
321.816658724
321.811190688
321.805715953
321.800234541
321.794746473
321.78925177
321.783750453
321.778242542
321.772728058
321.767207022
321.761679454
321.756145374
321.750604804
321.745057762
321.73950427
321.733944347
321.728378013
321.722805289
321.717226193
321.711640746
321.706048966
321.700450874
321.69484649
321.689235831
321.683618917
321.677995768
321.672366403
321.666730839
321.661089097
321.655441195
321.64978715
321.644126983
321.638460711
321.632788352
321.627109925
321.621425448
321.615734939
321.610038415
321.604335895
321.598627396
321.592912936
321.587192532
321.581466201
321.575733961
321.56999583
321.564251823
321.558501958
321.552746253
321.546984723
321.541217385
321.535444256
321.529665353
321.523880691
321.518090287
321.512294157
321.506492317
321.500684783
321.494871571
321.489052697
321.483228175
321.477398022
321.471562253
321.465720884
321.459873929
321.454021403
321.448163322
321.4422997
321.436430553
321.430555894
321.424675739
321.418790101
321.412898996
321.407002437
321.401100438
321.395193014
321.389280179
321.383361945
321.377438328
321.37150934
321.365574995
321.359635307
321.353690288
321.347739952
321.341784312
321.335823381
321.329857172
321.323885698
321.31790897
321.311927003
321.305939807
321.299947396
321.293949782
321.287946976
321.281938992
321.27592584
321.269907533
321.263884083
321.2578555
321.251821797
321.245782984
321.239739074
321.233690077
321.227636004
321.221576867
321.215512677
321.209443443
321.203369177
321.19728989
321.191205592
321.185116292
321.179022003
321.172922732
321.166818492
321.160709292
321.154595141
321.14847605
321.142352027
321.136223084
321.130089228
321.12395047
321.117806819
321.111658284
321.105504874
321.099346599
321.093183466
321.087015485
321.080842664
321.074665013
321.068482539
321.062295251
321.056103158
321.049906267
321.043704587
321.037498125
321.031286891
321.02507089
321.018850132
321.012624624
321.006394374
321.000159388
320.993919675
320.987675242
320.981426095
320.975172242
320.96891369
320.962650447
320.956382517
320.95010991
320.94383263
320.937550686
320.931264082
320.924972826
320.918676924
320.912376382
320.906071207
320.899761403
320.893446978
320.887127937
320.880804287
320.874476031
320.868143177
320.86180573
320.855463695
320.849117078
320.842765884
320.836410117
320.830049784
320.82368489
320.817315438
320.810941435
320.804562885
320.798179792
320.791792161
320.785399998
320.779003306
320.772602089
320.766196353
320.759786101
320.753371337
320.746952066
320.740528292
320.734100018
320.727667249
320.721229987
320.714788238
320.708342004
320.70189129
320.695436098
320.688976432
320.682512296
320.676043692
320.669570624
320.663093096
320.656611109
320.650124668
320.643633774
320.637138432
320.630638643
320.624134411
320.617625738
320.611112626
320.604595079
320.598073098
320.591546686
320.585015846
320.57848058
320.571940889
320.565396776
320.558848243
320.552295292
320.545737925
320.539176144
320.53260995
320.526039346
320.519464333
320.512884913
320.506301087
320.499712857
320.493120223
320.486523189
320.479921754
320.473315921
320.46670569
320.460091063
320.45347204
320.446848623
320.440220813
320.433588611
320.426952017
320.420311032
320.413665657
320.407015893
320.400361741
320.393703201
320.387040273
320.380372959
320.373701258
320.367025171
320.360344698
320.35365984
320.346970597
320.340276969
320.333578956
320.326876559
320.320169776
320.313458609
320.306743058
320.300023121
320.2932988
320.286570094
320.279837002
320.273099524
320.266357661
320.259611411
320.252860774
320.24610575
320.239346339
320.232582539
320.22581435
320.219041772
320.212264803
320.205483444
320.198697693
320.191907549
320.185113013
320.178314082
320.171510756
320.164703033
320.157890914
320.151074397
320.14425348
320.137428163
320.130598445
320.123764324
320.116925799
320.110082869
320.103235533
320.096383789
320.089527636
320.082667072
320.075802096
320.068932706
320.062058902
320.055180681
320.048298042
320.041410984
320.034519504
320.027623601
320.020723273
320.013818519
320.006909336
319.999995724
319.993077679
319.986155201
319.979228288
319.972296936
319.965361145
319.958420913
319.951476237
319.944527116
319.937573547
319.930615529
319.923653059
319.916686134
319.909714754
319.902738915
319.895758616
319.888773854
319.881784627
319.874790933
319.867792769
319.860790133
319.853783022
319.846771435
319.839755369
319.83273482
319.825709788
319.818680269
319.811646261
319.804607761
319.797564767
319.790517277
319.783465286
319.776408794
319.769347797
319.762282293
319.755212279
319.748137752
319.74105871
319.73397515
319.726887068
319.719794463
319.712697332
319.705595671
319.698489478
319.69137875
319.684263484
319.677143678
319.670019328
319.662890431
319.655756985
319.648618986
319.641476432
319.63432932
319.627177646
319.620021408
319.612860602
319.605695226
319.598525276
319.59135075
319.584171644
319.576987956
319.569799681
319.562606818
319.555409362
319.548207311
319.541000662
319.533789411
319.526573555
319.519353091
319.512128016
319.504898326
319.497664019
319.49042509
319.483181538
319.475933358
319.468680547
319.461423103
319.454161021
319.446894298
319.439622931
319.432346917
319.425066253
319.417780935
319.410490959
319.403196322
319.395897022
319.388593054
319.381284415
319.373971103
319.366653112
319.359330441
319.352003085
319.344671041
319.337334306
319.329992876
319.322646748
319.315295919
319.307940384
319.300580141
319.293215186
319.285845516
319.278471127
319.271092015
319.263708177
319.25631961
319.24892631
319.241528274
319.234125498
319.226717978
319.219305712
319.211888695
319.204466924
319.197040396
319.189609106
319.182173052
319.17473223
319.167286636
319.159836267
319.152381119
319.144921188
319.137456472
319.129986967
319.122512668
319.115033573
319.107549678
319.100060979
319.092567473
319.085069156
319.077566024
319.070058075
319.062545304
319.055027708
319.047505283
319.039978026
319.032445933
319.024909
319.017367225
319.009820603
319.00226913
318.994712804
318.987151621
318.979585576
318.972014668
318.96443889
318.956858242
318.949272718
318.941682315
318.934087029
318.926486858
318.918881797
318.911271843
318.903656992
318.896037241
318.888412586
318.880783023
318.873148549
318.865509161
318.857864854
318.850215626
318.842561472
318.83490239
318.827238375
318.819569423
318.811895533
318.804216699
318.796532918
318.788844188
318.781150503
318.773451861
318.765748258
318.758039691
318.750326156
318.742607649
318.734884167
318.727155707
318.719422265
318.711683837
318.703940419
318.696192009
318.688438603
318.680680198
318.672916789
318.665148373
318.657374947
318.649596508
318.641813051
318.634024573
318.626231072
318.618432542
318.610628982
318.602820387
318.595006754
318.587188079
318.579364359
318.571535591
318.563701771
318.555862896
318.548018962
318.540169965
318.532315903
318.524456772
318.516592568
318.508723288
318.500848929
318.492969487
318.485084959
318.477195341
318.46930063
318.461400823
318.453495916
318.445585906
318.43767079
318.429750563
318.421825223
318.413894767
318.405959191
318.398018491
318.390072665
318.382121708
318.374165618
318.366204392
318.358238026
318.350266516
318.342289859
318.334308053
318.326321093
318.318328977
318.310331701
318.302329262
318.294321657
318.286308882
318.278290934
318.270267809
318.262239506
318.254206019
318.246167347
318.238123486
318.230074432
318.222020182
318.213960734
318.205896084
318.197826228
318.189751164
318.181670888
318.173585398
318.165494689
318.157398759
318.149297605
318.141191224
318.133079611
318.124962765
318.116840682
318.108713359
318.100580793
318.09244298
318.084299917
318.076151603
318.067998032
318.059839203
318.051675112
318.043505755
318.035331131
318.027151236
318.018966066
318.01077562
318.002579893
317.994378882
317.986172585
317.977960999
317.969744121
317.961521947
317.953294474
317.9450617
317.936823622
317.928580236
317.92033154
317.91207753
317.903818204
317.895553558
317.887283591
317.879008298
317.870727676
317.862441724
317.854150438
317.845853814
317.837551851
317.829244544
317.820931892
317.812613892
317.80429054
317.795961833
317.787627769
317.779288346
317.770943559
317.762593406
317.754237884
317.745876991
317.737510724
317.729139079
317.720762054
317.712379646
317.703991853
317.695598671
317.687200098
317.678796131
317.670386767
317.661972004
317.653551838
317.645126267
317.636695288
317.628258898
317.619817095
317.611369876
317.602917238
317.594459179
317.585995695
317.577526784
317.569052444
317.560572671
317.552087463
317.543596818
317.535100732
317.526599203
317.518092228
317.509579805
317.501061931
317.492538603
317.484009819
317.475475576
317.466935872
317.458390703
317.449840068
317.441283963
317.432722386
317.424155335
317.415582807
317.407004799
317.398421309
317.389832334
317.381237872
317.37263792
317.364032475
317.355421536
317.346805099
317.338183162
317.329555723
317.320922779
317.312284328
317.303640366
317.294990893
317.286335905
317.2776754
317.269009375
317.260337828
317.251660757
317.242978159
317.234290031
317.225596372
317.216897178
317.208192447
317.199482178
317.190766367
317.182045012
317.173318111
317.164585662
317.155847661
317.147104107
317.138354997
317.129600329
317.1208401
317.112074309
317.103302953
317.094526029
317.085743535
317.07695547
317.068161829
317.059362613
317.050557817
317.041747439
317.032931478
317.024109931
317.015282796
317.006450071
316.997611753
316.98876784
316.979918329
316.97106322
316.962202508
316.953336193
316.944464271
316.935586741
316.9267036
316.917814847
316.908920479
316.900020493
316.891114888
316.882203662
316.873286812
316.864364336
316.855436231
316.846502497
316.83756313
316.828618129
316.819667491
316.810711214
316.801749297
316.792781736
316.78380853
316.774829677
316.765845174
316.75685502
316.747859213
316.738857749
316.729850628
316.72291736
316.721708264
316.720501211
316.719296199
316.718093224
316.716892282
316.715693369
316.714496482
316.713301617
316.71210877
316.710917937
316.709729116
316.708542301
316.70735749
316.706174679
316.704993864
316.703815042
316.702638208
316.70146336
316.700290493
316.699119605
316.69795069
316.696783746
316.69561877
316.694455756
316.693294703
316.692135606
316.690978461
316.689823266
316.688670016
316.687518707
316.686369338
316.685221903
316.684076399
316.682932822
316.68179117
316.680651439
316.679513624
316.678377723
316.677243731
316.676111646
316.674981464
316.673853182
316.672726795
316.671602301
316.670479695
316.669358975
316.668240137
316.667123177
316.666008092
316.664894879
316.663783533
316.662674052
316.661566432
316.66046067
316.659356762
316.658254705
316.657154495
316.65605613
316.654959604
316.653864916
316.652772062
316.651681037
316.65059184
316.649504466
316.648418912
316.647335175
316.646253252
316.645173138
316.644094831
316.643018328
316.641943624
316.640870717
316.639799603
316.638730279
316.637662742
316.636596987
316.635533013
316.634470816
316.633410392
316.632351738
316.63129485
316.630239726
316.629186362
316.628134755
316.627084902
316.626036799
316.624990443
316.623945831
316.62290296
316.621861826
316.620822426
316.619784757
316.618748815
316.617714598
316.616682102
316.615651324
316.614622261
316.613594909
316.612569266
311.334933687
311.328265011
311.321622535
311.315006141
311.308415708
311.301851119
311.295312256
311.288799002
311.282311239
311.275848851
311.269411722
311.262999737
311.256612779
311.250250736
311.243913491
311.237600932
311.231312945
311.225049417
311.218810236
311.212595291
311.206404468
311.200237659
311.194094751
311.187975634
311.1818802
311.175808339
311.169759942
311.163734901
311.157733109
311.151754457
311.145798838
311.139866148
311.133956278
311.128069125
311.122204582
311.116362545
311.110542911
311.104745575
311.098970433
311.093217384
311.087486325
311.081777154
311.076089769
311.07042407
311.064779955
311.059157325
311.053556081
311.047976122
311.04241735
311.036879667
311.031362975
311.025867177
311.020392174
311.014937872
311.009504174
311.004090983
310.998698205
310.993325745
310.987973509
310.982641403
310.977329332
310.972037205
310.966764928
310.961512409
310.956279557
310.95106628
310.945872487
310.940698087
310.935542991
310.930407109
310.925290352
310.92019263
310.915113856
310.910053941
310.905012799
310.89999034
310.89498648
310.890001132
310.885034209
310.880085627
310.8751553
310.870243143
310.865349072
310.860473004
310.855614855
310.850774541
310.845951981
310.841147091
310.836359791
310.831589998
310.826837631
310.82210261
310.817384855
310.812684285
310.808000821
310.803334384
310.798684895
310.794052276
310.789436449
310.784837336
310.78025486
310.775688944
310.771139512
310.766606487
310.762089795
310.757589359
310.753105105
310.748636958
310.744184844
310.739748688
310.735328419
310.730923961
310.726535243
310.722162193
310.717804738
310.713462806
310.709136326
310.704825227
310.700529439
310.696248891
310.691983514
310.687733238
310.683497993
310.67927771
310.675072322
310.67088176
310.666705956
310.662544843
310.658398353
310.65426642
310.650148977
310.646045958
310.641957297
310.637882929
310.633822788
310.62977681
310.625744931
310.621727085
310.617723209
310.613733239
310.609757113
310.605794768
310.60184614
310.597911168
310.593989789
310.590081943
310.586187567
310.5823066
310.578438983
310.574584654
310.570743553
310.566915621
310.563100798
310.559299025
310.555510243
310.551734393
310.547971418
310.544221259
310.540483858
310.536759158
310.533047102
310.529347633
310.525660695
310.52198623
310.518324185
310.514674502
310.511037126
310.507412002
310.503799075
310.500198291
310.496609596
310.493032935
310.489468254
310.485915501
310.482374622
310.478845564
310.475328275
310.471822701
310.468328792
310.464846494
310.461375758
310.45791653
310.454468761
310.451032399
310.447607393
310.444193695
310.440791253
310.437400017
310.434019939
310.430650969
310.427293057
310.423946156
310.420610217
310.417285191
310.41397103
310.410667687
310.407375114
310.404093264
310.400822089
310.397561544
310.39431158
310.391072153
310.387843216
310.384624722
310.381416627
310.378218885
310.375031451
310.37185428
310.368687326
310.365530546
310.362383896
310.359247331
310.356120807
310.353004282
310.34989771
310.346801051
310.343714259
310.340637294
310.337570111
310.33451267
310.331464927
310.328426841
310.325398371
310.322379475
310.319370111
310.316370239
310.313379818
310.310398807
310.307427166
310.304464855
310.301511833
310.298568062
310.2956335
310.29270811
310.289791851
310.286884686
310.283986574
310.281097478
310.278217358
310.275346178
310.272483898
310.269630481
310.266785889
310.263950086
310.261123033
310.258304693
310.255495031
310.252694008
310.249901589
310.247117736
310.244342415
310.241575589
310.238817223
310.23606728
310.233325725
310.230592523
310.227867639
310.225151039
310.222442686
310.219742548
310.217050589
310.214366775
310.211691072
310.209023447
310.206363865
310.203712294
310.201068699
310.198433048
310.195805308
310.193185445
310.190573428
310.187969223
310.185372798
310.182784121
310.18020316
310.177629883
310.175064258
310.172506255
310.16995584
310.167412984
310.164877655
310.162349821
310.159829453
310.15731652
310.154810991
310.152312835
310.149822023
310.147338525
310.144862311
310.14239335
310.139931614
310.137477073
310.135029697
310.132589458
310.130156326
310.127730273
310.12531127
310.122899288
310.120494299
310.118096274
310.115705186
310.113321007
310.110943707
310.108573261
310.106209639
310.103852815
310.101502761
310.099159451
310.096822856
310.094492951
310.092169707
310.0898531
310.087543101
310.085239685
310.082942825
310.080652495
310.078368669
310.076091321
310.073820426
310.071555958
310.069297891
310.067046199
310.064800858
310.062561842
310.060329127
310.058102687
310.055882498
310.053668534
310.051460772
310.049259187
310.047063754
310.04487445
310.04269125
310.04051413
310.038343067
310.036178036
310.034019015
310.031865979
310.029718905
310.027577771
310.025442552
310.023313225
310.021189769
310.019072159
310.016960374
310.01485439
310.012754185
310.010659736
310.008571022
310.00648802
310.004410708
310.002339064
310.000273067
309.998212693
309.996157923
309.994108733
309.992065104
309.990027012
309.987994438
309.98596736
309.983945756
309.981929607
309.97991889
309.977913586
309.975913674
309.973919132
309.971929942
309.969946081
309.967967531
309.96599427
309.964026279
309.962063538
309.960106027
309.958153725
309.956206614
309.954264674
309.952327885
309.950396228
309.948469683
309.946548232
309.944631854
309.942720532
309.940814246
309.938912976
309.937016705
309.935125414
309.933239084
309.931357696
309.929481232
309.927609674
309.925743003
309.923881202
309.922024251
309.920172133
309.918324831
309.916482326
309.9146446
309.912811636
309.910983416
309.909159923
309.907341139
309.905527047
309.90371763
309.901912869
309.900112749
309.898317252
309.896526362
309.89474006
309.892958331
309.891181158
309.889408524
309.887640412
309.885876807
309.884117691
309.882363048
309.880612862
309.878867116
309.877125796
309.875388884
309.873656364
309.871928221
309.870204439
309.868485001
309.866769893
309.865059099
309.863352603
309.86165039
309.859952443
309.858258749
309.856569291
309.854884055
309.853203025
309.851526186
309.849853524
309.848185023
309.846520668
309.844860445
309.843204338
309.841552334
309.839904418
309.838260575
309.83662079
309.834985049
309.833353339
309.831725644
309.83010195
309.828482244
309.826866511
309.825254737
309.823646908
309.822043011
309.820443031
309.818846955
309.817254769
309.815666459
309.814082012
309.812501414
309.810924653
309.809351713
309.807782582
309.806217248
309.804655695
309.803097912
309.801543886
309.799993602
309.798447049
309.796904213
309.795365081
309.79382964
309.792297879
309.790769784
309.789245341
309.78772454
309.786207367
309.78469381
309.783183856
309.781677493
309.780174708
309.77867549
309.777179826
309.775687704
309.774199112
309.772714038
309.771232469
309.769754394
309.768279801
309.766808678
309.765341014
309.763876795
309.762416012
309.760958652
309.759504703
309.758054155
309.756606994
309.755163211
309.753722794
309.752285731
309.750852011
309.749421622
309.747994555
309.746570796
309.745150336
309.743733163
309.742319267
309.740908635
309.739501258
309.738097125
309.736696224
309.735298545
309.733904077
309.73251281
309.731124732
309.729739834
309.728358104
309.726979533
309.725604109
309.724231823
309.722862663
309.72149662
309.720133683
309.718773843
309.717417088
309.716063409
309.714712796
309.713365238
309.712020725
309.710679248
309.709340797
309.708005361
309.706672932
309.705343498
309.70401705
309.702693579
309.701373075
309.700055528
309.698740929
309.697429267
309.696120534
309.69481472
309.693511815
309.692211811
309.690914697
309.689620464
309.688329104
309.687040606
309.685754962
309.684472162
309.683192198
309.68191506
309.680640739
309.679369226
309.678100512
309.676834588
309.675571446
309.674311076
309.673053469
309.671798617
309.670546511
309.669297142
309.668050501
309.66680658
309.665565371
309.664326864
309.663091051
309.661857923
309.660627473
309.659399691
309.658174569
309.656952099
309.655732273
309.654515081
309.653300517
309.65208857
309.650879235
309.649672501
309.648468361
309.647266808
309.646067832
309.644871426
309.643677581
309.642486291
309.641297546
309.640111339
309.638927662
309.637746507
309.636567867
309.635391733
309.634218098
309.633046953
309.631878293
309.630712107
309.62954839
309.628387134
309.62722833
309.626071971
309.62491805
309.62376656
309.622617492
309.62147084
309.620326595
309.619184752
309.618045301
309.616908237
309.615773551
309.614641237
309.613511287
309.612383694
309.611258451
309.610135551
309.609014986
309.60789675
309.606780835
309.605667235
309.604555942
309.60344695
309.602340251
309.601235839
309.600133707
309.599033847
309.597936254
309.596840919
309.595747838
309.594657002
309.593568405
309.59248204
309.591397901
309.59031598
309.589236273
309.58815877
309.587083467
309.586010357
309.584939433
309.583870688
309.582804116
309.581739711
309.580677467
309.579617376
309.578559432
309.57750363
309.576449963
309.575398424
309.574349007
309.573301707
309.572256516
309.571213428
309.570172439
309.56913354
309.568096726
309.567061992
309.56602933
309.564998735
309.563970201
309.562943722
309.561919292
309.560896904
309.559876553
309.558858234
309.557841939
309.556827664
309.555815402
309.554805147
309.553796894
309.552790637
309.55178637
309.550784088
309.549783784
309.548785454
309.54778909
309.546794688
309.545802242
309.544811747
309.543823196
309.542836585
309.541851907
309.540869157
309.53988833
309.53890942
309.537932422
309.53695733
309.535984138
309.535012842
309.534043436
309.533075915
309.532110272
309.531146504
309.530184604
309.529224568
309.52826639
309.527310064
309.526355586
309.525402951
309.524452152
309.523503186
309.522556047
309.521610729
309.520667227
309.519725538
309.518785654
309.517847572
309.516911287
309.515976792
309.515044084
309.514113157
309.513184007
309.512256628
309.511331015
309.510407164
309.50948507
309.508564727
309.507646131
309.506729278
309.505814161
309.504900777
309.503989121
309.503079188
